800,5.792118421981974E-24,-1.5918342363994984E-23,1.3820840203861968E-23,5.693322753816362E-24,4.5800747313878965E-26,-2.1602077501714655E-23
806,7.215152584355451E-24,-1.631972567016966E-23,1.4503108318559995E-23,6.529228000672535E-24,1.5224132172429846E-25,-2.200701803987816E-23
811.9999999999999,8.76212848634674E-24,-1.6522894939356462E-23,1.4926637645044925E-23,7.634719899739974E-24,2.4690275921302315E-25,-2.2463977643195616E-23
818,1.0436081320226864E-23,-1.6558113676795927E-23,1.5142631349097033E-23,8.933809653330041E-24,3.37220814484177E-25,-2.2961488051918736E-23
824,1.2256025669476124E-23,-1.6425122533257735E-23,1.516772795795389E-23,1.0408980823379445E-23,4.2653720393288535E-25,-2.3493575887384732E-23
830,1.4244593977936196E-23,-1.6104243560468296E-23,1.4995025580992096E-23,1.2063474076640975E-23,5.164742921052306E-25,-2.4057210313153596E-23
835.9999999999999,1.642349445203274E-23,-1.5558434463557437E-23,1.4598014830465058E-23,1.3907385708846916E-23,6.08092111156423E-25,-2.465105788633501E-23
842,1.8796438273864908E-23,-1.4741120753506565E-23,1.393811486790103E-23,1.5938607218641787E-23,7.004618427942179E-25,-2.52721374652612E-23
848,2.1358061836264335E-23,-1.3596567732880354E-23,1.2966799907756636E-23,1.8148615570311122E-23,7.923317092573787E-25,-2.5917549835174337E-23
854,2.4141003248634493E-23,-1.2032493755835492E-23,1.1601807684218265E-23,2.0564191528957257E-23,8.858064434916423E-25,-2.6596049466205883E-23
859.9999999999999,2.713387114689349E-23,-9.94682843622602E-24,9.750286734236875E-24,2.3172481116838164E-23,9.81010875307547E-25,-2.731089306486441E-23
866,3.024946816658943E-23,-7.263257914129376E-24,7.341854904984863E-24,2.5891745888658722E-23,1.0747530517258607E-24,-2.805226473184067E-23
872,3.349715464963434E-23,-3.797942921037196E-24,4.209012086043603E-24,2.872693387601669E-23,1.1722301329925406E-24,-2.8841569039720106E-23
878,3.679251026286938E-23,6.403604194927746E-25,1.7666191693762553E-25,3.159673884471215E-23,1.2762189120253775E-24,-2.969033164584652E-23
883.9999999999999,3.990369228489369E-23,6.136076439565032E-24,-4.832828957734088E-24,3.42856027683977E-23,1.3827651254289661E-24,-3.058403267710686E-23
890,4.261935232807857E-23,1.2860489532718595E-23,-1.09748251312214E-23,3.659463825948107E-23,1.4946955560249901E-24,-3.153299496647524E-23
896,4.462175738239725E-23,2.095087779455651E-23,-1.836999976729502E-23,3.8229960845808086E-23,1.613647252977748E-24,-3.254833886428255E-23
901.9999999999999,4.5482192656676454E-23,3.048580224764946E-23,-2.708618085043275E-23,3.879151574589079E-23,1.7438689420094076E-24,-3.3638587358068167E-23
907.9999999999999,4.465890060846085E-23,4.1431348027107076E-23,-3.7085360132411985E-23,3.777536373781194E-23,1.890271459429414E-24,-3.481329126113828E-23
914,4.152380849723718E-23,5.354486064840845E-23,-4.813387709544339E-23,3.4601643249070826E-23,2.056412280964017E-24,-3.6082763576916845E-23
920,3.543052079711834E-23,6.630561500797598E-23,-5.973974760129444E-23,2.8677282922527696E-23,2.2473024945687905E-24,-3.7458524148156647E-23
925.9999999999999,2.6013328374939765E-23,7.868691550707673E-23,-7.09490675573769E-23,1.9676770744616787E-23,2.459497013340676E-24,-3.8923492589081106E-23
931.9999999999999,1.2944875215909247E-23,8.980303360603969E-23,-8.093082092721942E-23,7.307175854367049E-24,2.71131491565684E-24,-4.052829606831502E-23
938,-3.628741777110605E-24,9.838580828850939E-23,-8.850808867827588E-23,-8.279261299475527E-24,3.0166745315214344E-24,-4.230501004765788E-23
944,-2.2533950827732498E-23,1.0311889222814087E-22,-9.248048366187417E-23,-2.5976539909966358E-23,3.3704358000794575E-24,-4.422754104827729E-23
949.9999999999999,-4.2497145934587906E-23,1.0339598973713854E-22,-9.230061619701491E-23,-4.459578801816983E-23,3.7874704529791496E-24,-4.6326735631988474E-23
955.9999999999999,-6.212949751370775E-23,9.915010052677172E-23,-8.792220105354677E-23,-6.284784790745703E-23,4.289427387891172E-24,-4.864183711193431E-23
962,-8.011829503379794E-23,9.089848308316343E-23,-7.984115010533523E-23,-7.95221201282942E-23,4.89535812690784E-24,-5.120642861417041E-23
968,-9.55549664319765E-23,7.954686173672221E-23,-6.89081249650738E-23,-9.378762533903732E-23,5.6317325575775424E-24,-5.406061948692079E-23
974,-1.0800401161608759E-22,6.613176304418098E-23,-5.608868248340704E-23,-1.0525350871798131E-22,6.534404111612734E-24,-5.725292433062632E-23
980,-1.174404755902917E-22,5.161084290452044E-23,-4.2269607258323544E-23,-1.1390842520896984E-22,7.649475464536172E-24,-6.084359557964886E-23
985.9999999999999,-1.2411108326334377E-22,3.672943381658291E-23,-2.813642470230258E-23,-1.1999022099388553E-22,9.039741415937726E-24,-6.490796653804707E-23
991.9999999999999,-1.2836809242318372E-22,2.2087592453114002E-23,-1.424084322839422E-23,-1.2383320580043642E-22,1.0776242219204068E-23,-6.950340968835668E-23
997.9999999999999,-1.306299726717213E-22,8.09991498356501E-24,-9.639423007062755E-25,-1.2582973036162705E-22,1.2946115640453833E-23,-7.468617943417294E-23
1003.9999999999999,-1.3127940938915307E-22,-5.415006323058849E-24,1.1878193273993055E-23,-1.263237037282805E-22,1.580006766833263E-23,-8.075056086835369E-23
1010,-1.3057288742843075E-22,-1.8298576932715134E-23,2.4140723854851682E-23,-1.255523991031841E-22,1.9594984982531985E-23,-8.785754661056986E-23
1016,-1.288208875196232E-22,-3.023617433910425E-23,3.552700928445672E-23,-1.2381214456631752E-22,2.455441076834765E-23,-9.598072202239083E-23
1022,-1.261634622145589E-22,-4.1503110150352897E-23,4.630131366063781E-23,-1.2121965108391337E-22,3.1334000877933226E-23,-1.0549984542414923E-22
1028,-1.2271521857338367E-22,-5.2135996159274253E-23,5.649830018713385E-23,-1.178759999036979E-22,4.083961524022252E-23,-1.1663990854469575E-22
1033.9999999999998,-1.1855184555327689E-22,-6.216642671227066E-23,6.61465252189161E-23,-1.13845987005693E-22,5.454015653045455E-23,-1.294948315187315E-22
1039.9999999999998,-1.137226876967579E-22,-7.161437096989016E-23,7.52624246398945E-23,-1.0917010957591315E-22,7.483163054865322E-23,-1.4366815381310993E-22
1046,-1.0825756610068389E-22,-8.04815059647255E-23,8.384394583292101E-23,-1.038710885785463E-22,1.0549234987781436E-22,-1.5725785246273512E-22
1052,-1.0217992106265247E-22,-8.875286928477122E-23,9.187240400123617E-23,-9.796645763946786E-23,1.5149220203528136E-22,-1.6434547601226535E-22
1058,-9.55117339426998E-23,-9.639442284617879E-23,9.931008499853121E-23,-9.147335872951234E-23,2.148511069465216E-22,-1.5045950874483957E-22
1064,-8.828228172568756E-23,-1.0335661506718179E-22,1.0610382546761778E-22,-8.441702440454614E-23,2.797522562635848E-22,-9.376664290397517E-23
1070,-8.053543928968873E-23,-1.0958206842200283E-22,1.1219267622655846E-22,-7.683784936204344E-23,3.026125546963205E-22,3.699376872522414E-24
1076,-7.23311158733956E-23,-1.1500701064758198E-22,1.1750929567624568E-22,-6.87928985629783E-23,2.6350797570102235E-22,9.052023046968248E-23
1081.9999999999998,-6.382662015827342E-23,-1.195627784685991E-22,1.2198328499173082E-22,-6.043703250528085E-23,2.0043574928739923E-22,1.31812418259031E-22
1087.9999999999998,-5.519859936098403E-23,-1.2322044514578136E-22,1.2558366610484772E-22,-5.194497408010823E-23,1.4674073011290801E-22,1.399740883578402E-22
1094,-4.623753640905722E-23,-1.259723410270716E-22,1.2829204022813197E-22,-4.3105353326889093E-23,1.07420508059478E-22,1.3358494649122663E-22
1100,-3.7147945364217775E-23,-1.2776867740963087E-22,1.3005709427800274E-22,-3.4122818144038684E-23,8.032873241240909E-23,1.2248196419401386E-22
